filename
resources/benchmark/rankingFilteredQueries.csv